﻿num,GL02,GL02-GL55,date,contra_acct,contra_acct_name,note,dbt_amount,cdt_amount,balance
,,,,150,受取手形,,426025539,392166316,33859223
263,0001-20090410-258-53-1-567,1,2009-04-10,152,売掛金,09年4月10日伝票No194かめだデパート,7862107,0,7862107
539,0001-20090420-141-113-1-687,0,2009-04-20,121,当座預金,手形割引　もみじデパート,0,7736137,125970
543,0001-20090420-141-113-1-687,2,2009-04-20,821,支払利息,手形割引料,0,58382,67588
605,0001-20090420-302-124-1-709,1,2009-04-20,121,当座預金,手形満期　もみじデパート,0,9873980,-9806392
967,0001-20090425-273-167-1-795,1,2009-04-25,152,売掛金,09年4月25日伝票No201今井百貨店,20392404,0,10586012
1314,0001-20090430-283-225-1-911,1,2009-04-30,152,売掛金,09年4月30日伝票No206もみじデパート,11435166,0,22021178
1466,0001-20090430-303-241-1-943,1,2009-04-30,121,当座預金,手形満期　かめだデパート,0,7022119,14999059
,,,2009-04,,※※月計※※,,39689677,24690618,
1786,0001-20090510-93-284-1-1029,1,2009-05-10,152,売掛金,09年5月10日伝票No211かめだデパート,8368392,0,23367451
2101,0001-20090520-144-358-1-1177,0,2009-05-20,121,当座預金,手形割引　もみじデパート,0,11349497,12017954
2105,0001-20090520-144-358-1-1177,2,2009-05-20,821,支払利息,手形割引料,0,85669,11932285
2316,0001-20090525-110-397-1-1255,1,2009-05-25,152,売掛金,09年5月25日伝票No221今井百貨店,13987871,0,25920156
2844,0001-20090531-121-458-1-1377,1,2009-05-31,152,売掛金,09年5月31日伝票No227もみじデパート,11429498,0,37349654
2997,0001-20090531-138-475-1-1411,3,2009-05-31,121,当座預金,手形満期　今井百貨店,0,13153880,24195774
3002,0001-20090531-139-476-1-1413,1,2009-05-31,121,当座預金,手形満期　かめだデパート,0,7756692,16439082
,,,2009-05,,※※月計※※,,33785761,32345738,
3401,0001-20090610-98-529-1-1519,1,2009-06-10,152,売掛金,09年6月10日伝票No234かめだデパート,6971057,0,23410139
3653,0001-20090620-141-601-1-1663,0,2009-06-20,121,当座預金,手形割引　もみじデパート,0,11343777,12066362
3657,0001-20090620-141-601-1-1663,2,2009-06-20,821,支払利息,手形割引料,0,85721,11980641
3659,0001-20090620-143-602-1-1665,0,2009-06-20,121,当座預金,手形割引　かめだデパート,0,8305813,3674828
3663,0001-20090620-143-602-1-1665,2,2009-06-20,821,支払利息,手形割引料,0,62579,3612249
3876,0001-20090625-116-633-1-1727,1,2009-06-25,152,売掛金,09年6月25日伝票No244今井百貨店,15824516,0,19436765
4321,0001-20090630-127-687-1-1835,1,2009-06-30,152,売掛金,09年6月30日伝票No250もみじデパート,8523355,0,27960120
4493,0001-20090630-144-704-1-1869,3,2009-06-30,121,当座預金,手形満期　かめだデパート,0,7862107,20098013
4501,0001-20090630-145-705-1-1871,4,2009-06-30,121,当座預金,手形満期　今井百貨店,0,13932999,6165014
,,,2009-06,,※※月計※※,,31318928,41592996,
4957,0001-20090710-91-755-1-1971,1,2009-07-10,152,売掛金,09年7月10日伝票No257かめだデパート,6024279,0,12189293
5232,0001-20090720-137-826-1-2113,0,2009-07-20,121,当座預金,手形割引　もみじデパート,0,8459513,3729780
5236,0001-20090720-137-826-1-2113,2,2009-07-20,821,支払利息,手形割引料,0,63842,3665938
5242,0001-20090720-139-827-1-2115,2,2009-07-20,121,当座預金,手形割引　かめだデパート,0,6918775,-3252837
5246,0001-20090720-139-827-1-2115,4,2009-07-20,821,支払利息,手形割引料,0,52282,-3305119
5451,0001-20090725-109-863-1-2187,4,2009-07-25,152,売掛金,09年7月25日伝票No267今井百貨店,14812990,0,11507871
5969,0001-20090731-120-920-1-2301,1,2009-07-31,152,売掛金,09年7月31日伝票No273もみじデパート,10772743,0,22280614
6118,0001-20090731-139-938-1-2337,1,2009-07-31,121,当座預金,手形満期　今井百貨店,0,20392404,1888210
,,,2009-07,,※※月計※※,,31610012,35886816,
6475,0001-20090810-88-985-1-2431,1,2009-08-10,152,売掛金,09年8月10日伝票No280かめだデパート,6632047,0,8520257
6745,0001-20090820-145-1056-1-2573,0,2009-08-20,121,当座預金,手形割引　今井百貨店,0,15705932,-7185675
6749,0001-20090820-145-1056-1-2573,2,2009-08-20,821,支払利息,手形割引料,0,118584,-7304259
7061,0001-20090825-106-1092-1-2645,1,2009-08-25,152,売掛金,09年8月25日伝票No290今井百貨店,17349331,0,10045072
7447,0001-20090831-117-1150-1-2761,1,2009-08-31,152,売掛金,09年8月31日伝票No296もみじデパート,10229420,0,20274492
7581,0001-20090831-135-1168-1-2797,1,2009-08-31,121,当座預金,手形満期　今井百貨店,0,13987871,6286621
,,,2009-08,,※※月計※※,,34210798,29812387,
7895,0001-20090910-95-1212-1-2885,1,2009-09-10,152,売掛金,09年9月10日伝票No303かめだデパート,5178380,0,11465001
8175,0001-20090920-105-1279-1-3019,1,2009-09-20,121,当座預金,手形満期　もみじデパート,0,10772743,692258
8435,0001-20090925-113-1323-1-3107,1,2009-09-25,152,売掛金,09年9月25日伝票No313今井百貨店,14559712,0,15251970
8855,0001-20090930-124-1379-1-3219,1,2009-09-30,152,売掛金,09年9月30日伝票No319もみじデパート,11129575,0,26381545
8988,0001-20090930-142-1397-1-3255,1,2009-09-30,121,当座預金,手形満期　かめだデパート,0,6024279,20357266
,,,2009-09,,※※月計※※,,30867667,16797022,
9421,0001-20091010-87-1452-1-3365,1,2009-10-10,152,売掛金,09年10月10日伝票No326かめだデパート,8047202,0,28404468
9442,0001-20091010-98-1457-1-3375,0,2009-10-10,121,当座預金,手形割引　かめだデパート,0,5139621,23264847
9446,0001-20091010-98-1457-1-3375,2,2009-10-10,821,支払利息,手形割引料,0,38759,23226088
9734,0001-20091020-99-1507-1-3475,3,2009-10-20,121,当座預金,手形満期　もみじデパート,0,10229420,12996668
9735,0001-20091020-99-1507-1-3475,4,2009-10-20,121,当座預金,手形割引　もみじデパート,0,11046104,1950564
9739,0001-20091020-99-1507-1-3475,6,2009-10-20,821,支払利息,手形割引料,0,83471,1867093
9904,0001-20091025-105-1554-1-3569,1,2009-10-25,152,売掛金,09年10月25日伝票No336今井百貨店,16830269,0,18697362
10372,0001-20091031-116-1611-1-3683,1,2009-10-31,152,売掛金,09年10月31日伝票No342もみじデパート,10087452,0,28784814
10524,0001-20091031-137-1630-1-3721,1,2009-10-31,121,当座預金,手形満期　今井百貨店,0,14812990,13971824
10529,0001-20091031-138-1631-1-3723,1,2009-10-31,121,当座預金,手形満期　かめだデパート,0,6632047,7339777
,,,2009-10,,※※月計※※,,34964923,47982412,
10877,0001-20091110-90-1679-1-3819,1,2009-11-10,152,売掛金,09年11月10日伝票No359かめだデパート,6195437,0,13535214
11180,0001-20091120-148-1755-1-3971,0,2009-11-20,121,当座預金,手形割引　かめだデパート,0,7986848,5548366
11184,0001-20091120-148-1755-1-3971,2,2009-11-20,821,支払利息,手形割引料,0,60354,5488012
11492,0001-20091125-107-1788-1-4037,1,2009-11-25,152,売掛金,09年11月25日伝票No370今井百貨店,15101377,0,20589389
11853,0001-20091130-119-1848-1-4157,1,2009-11-30,152,売掛金,09年11月30日伝票No377もみじデパート,11348566,0,31937955
12000,0001-20091130-138-1866-1-4193,1,2009-11-30,121,当座預金,手形満期　今井百貨店,0,17349331,14588624
,,,2009-11,,※※月計※※,,32645380,25396533,
12295,0001-20091210-101-1916-1-4293,1,2009-12-10,152,売掛金,09年12月10日伝票No386かめだデパート,7208477,0,21797101
12719,0001-20091220-141-1991-1-4443,0,2009-12-20,121,当座預金,手形割引　かめだデパート,0,6149070,15648031
12723,0001-20091220-141-1991-1-4443,2,2009-12-20,821,支払利息,手形割引料,0,46367,15601664
12728,0001-20091220-148-1992-1-4445,1,2009-12-20,121,当座預金,手形満期　もみじデパート,0,10087452,5514212
12972,0001-20091225-117-2037-1-4535,1,2009-12-25,152,売掛金,09年12月25日伝票No396今井百貨店,18116847,0,23631059
13535,0001-20091231-129-2093-1-4647,1,2009-12-31,152,売掛金,09年12月31日伝票No403もみじデパート,11160581,0,34791640
13648,0001-20091231-141-2105-1-4671,3,2009-12-31,121,当座預金,手形満期　今井百貨店,0,14559712,20231928
,,,2009-12,,※※月計※※,,36485905,30842601,
13968,0001-20100110-92-2151-1-4763,1,2010-01-10,152,売掛金,10年1月10日伝票No412かめだデパート,8667020,0,28898948
14315,0001-20100120-139-2236-1-4933,0,2010-01-20,121,当座預金,手形割引　かめだデパート,0,7154819,21744129
14319,0001-20100120-139-2236-1-4933,2,2010-01-20,821,支払利息,手形割引料,0,53658,21690471
14543,0001-20100125-108-2267-1-4995,1,2010-01-25,152,売掛金,10年1月25日伝票No422今井百貨店,21490807,0,43181278
15020,0001-20100131-120-2325-1-5111,1,2010-01-31,152,売掛金,10年1月31日伝票No429もみじデパート,18386056,0,61567334
15162,0001-20100131-138-2343-1-5147,1,2010-01-31,121,当座預金,手形満期　今井百貨店,0,16830269,44737065
15184,0001-20100131-142-2346-1-5153,1,2010-01-31,121,当座預金,手形満期　もみじデパート,0,11348566,33388499
,,,2010-01,,※※月計※※,,48543883,35387312,
15469,0001-20100210-91-2388-1-5237,1,2010-02-10,152,売掛金,10年2月10日伝票No438かめだデパート,10047298,0,43435797
16162,0001-20100225-107-2503-1-5467,1,2010-02-25,152,売掛金,10年2月25日伝票No448今井百貨店,18354869,0,61790666
16445,0001-20100228-119-2556-1-5573,1,2010-02-28,152,売掛金,10年2月28日伝票No455もみじデパート,12162331,0,73952997
16597,0001-20100228-140-2575-1-5611,1,2010-02-28,121,当座預金,手形満期　今井百貨店,0,15101377,58851620
16602,0001-20100228-141-2576-1-5613,1,2010-02-28,121,当座預金,手形満期　もみじデパート,0,11160581,47691039
,,,2010-02,,※※月計※※,,40564498,26261958,
16996,0001-20100310-90-2620-1-5701,1,2010-03-10,152,売掛金,10年3月10日伝票No464かめだデパート,9610589,0,57301628
17282,0001-20100320-139-2690-1-5841,1,2010-03-20,121,当座預金,手形満期　今井百貨店,0,18116847,39184781
17287,0001-20100320-140-2691-1-5843,1,2010-03-20,121,当座預金,手形満期　かめだデパート,0,8667020,30517761
17630,0001-20100325-106-2728-1-5917,1,2010-03-25,152,売掛金,10年3月25日伝票No474今井百貨店,13932999,0,44450760
17981,0001-20100331-118-2794-1-6049,1,2010-03-31,152,売掛金,10年3月31日伝票No481もみじデパート,7794519,0,52245279
18149,0001-20100331-141-2814-1-6089,1,2010-03-31,121,当座預金,手形満期　もみじデパート,0,18386056,33859223
,,,2010-03,,※※月計※※,,31338107,45169923,33859223
