﻿num,GL02,GL02-GL55,date,contra_account,contra_account_name,note,debit_amount,credit_amount,balance
,,,,754,事務用消耗品費,,1476162,0,1476162
32,0001-20090403-134-8-1-477,0,2009-04-03,111,現金,用紙,14858,0,14858
523,0001-20090420-118-110-1-681,0,2009-04-20,322,未払金,コピー代,6678,0,21536
535,0001-20090420-135-112-1-685,0,2009-04-20,322,未払金,事務用品,2972,0,24508
560,0001-20090420-235-117-1-695,0,2009-04-20,322,未払金,カウンター料金,6000,0,30508
614,0001-20090420-31-98-1-657,0,2009-04-20,322,未払金,コピー代,2552,0,33060
660,0001-20090420-71-104-1-669,0,2009-04-20,322,未払金,事務用品,2458,0,35518
663,0001-20090420-71-104-1-669,3,2009-04-20,322,未払金,事務用品,16169,0,51687
665,0001-20090420-71-104-1-669,5,2009-04-20,322,未払金,カウンター料金,30464,0,82151
682,0001-20090420-97-107-1-675,0,2009-04-20,322,未払金,コピー代,37264,0,119415
686,0001-20090420-98-108-1-677,0,2009-04-20,322,未払金,事務用品,15000,0,134415
764,0001-20090423-164-148-1-757,0,2009-04-23,111,現金,事務用品,1505,0,135920
776,0001-20090423-32-143-1-747,0,2009-04-23,322,未払金,事務用品費,1762,0,137682
,,,2009-04,,※※月計※※,,137682,0,
2089,0001-20090520-118-356-1-1173,0,2009-05-20,322,未払金,コピー代,7681,0,145363
2093,0001-20090520-119-357-1-1175,0,2009-05-20,322,未払金,事務用品,3936,0,149299
2118,0001-20090520-31-340-1-1141,0,2009-05-20,322,未払金,コピー代,3293,0,152592
2130,0001-20090520-71-343-1-1147,0,2009-05-20,322,未払金,事務用品,5050,0,157642
2133,0001-20090520-71-343-1-1147,3,2009-05-20,322,未払金,カウンター料金,34274,0,191916
2135,0001-20090520-71-343-1-1147,5,2009-05-20,322,未払金,カウンター料金,6000,0,197916
2157,0001-20090520-97-347-1-1155,0,2009-05-20,322,未払金,コピー代,38217,0,236133
2161,0001-20090520-98-348-1-1157,0,2009-05-20,322,未払金,事務用品,36743,0,272876
2598,0001-20090528-32-422-1-1305,0,2009-05-28,322,未払金,事務用品費,3286,0,276162
2665,0001-20090530-164-435-1-1331,0,2009-05-30,111,現金,事務用品,5067,0,281229
,,,2009-05,,※※月計※※,,143547,0,
3535,0001-20090615-164-563-1-1587,0,2009-06-15,111,現金,事務用品,2864,0,284093
3633,0001-20090620-118-597-1-1655,0,2009-06-20,322,未払金,コピー代,6784,0,290877
3645,0001-20090620-134-599-1-1659,0,2009-06-20,322,未払金,用紙,21905,0,312782
3649,0001-20090620-135-600-1-1661,0,2009-06-20,322,未払金,事務用品,6955,0,319737
3684,0001-20090620-31-575-1-1611,0,2009-06-20,322,未払金,コピー代,2622,0,322359
3723,0001-20090620-71-581-1-1623,0,2009-06-20,322,未払金,事務用品,1505,0,323864
3726,0001-20090620-71-581-1-1623,3,2009-06-20,322,未払金,カウンター料金,31854,0,355718
3737,0001-20090620-76-584-1-1629,0,2009-06-20,322,未払金,カウンター料金,6000,0,361718
3763,0001-20090620-97-588-1-1637,0,2009-06-20,322,未払金,コピー代,36996,0,398714
3767,0001-20090620-98-589-1-1639,0,2009-06-20,322,未払金,事務用品,2277,0,400991
,,,2009-06,,※※月計※※,,119762,0,
4721,0001-20090702-32-715-1-1891,0,2009-07-02,322,未払金,事務用品費,2127,0,403118
4725,0001-20090703-134-720-1-1901,0,2009-07-03,111,現金,用紙,13124,0,416242
5224,0001-20090720-118-824-1-2109,0,2009-07-20,322,未払金,コピー代,6880,0,423122
5228,0001-20090720-119-825-1-2111,0,2009-07-20,322,未払金,事務用品,1410,0,424532
5270,0001-20090720-164-832-1-2125,0,2009-07-20,111,現金,事務用品,5696,0,430228
5274,0001-20090720-31-807-1-2075,0,2009-07-20,322,未払金,コピー代,2730,0,432958
5302,0001-20090720-71-812-1-2085,0,2009-07-20,322,未払金,事務用品,11407,0,444365
5305,0001-20090720-71-812-1-2085,3,2009-07-20,322,未払金,カウンター料金,31320,0,475685
5308,0001-20090720-72-813-1-2087,0,2009-07-20,322,未払金,カウンター料金,6000,0,481685
5320,0001-20090720-97-815-1-2091,0,2009-07-20,322,未払金,コピー代,34085,0,515770
5324,0001-20090720-98-816-1-2093,0,2009-07-20,322,未払金,事務用品,5610,0,521380
,,,2009-07,,※※月計※※,,120389,0,
6234,0001-20090803-134-951-1-2363,0,2009-08-03,322,未払金,用紙,15029,0,536409
6237,0001-20090803-134-951-1-2363,3,2009-08-03,322,未払金,用紙,16000,0,552409
6422,0001-20090810-32-978-1-2417,0,2009-08-10,322,未払金,事務用品費,3722,0,556131
6673,0001-20090819-164-1033-1-2527,0,2009-08-19,111,現金,事務用品,2048,0,558179
6729,0001-20090820-118-1053-1-2567,0,2009-08-20,322,未払金,コピー代,6691,0,564870
6733,0001-20090820-119-1054-1-2569,0,2009-08-20,322,未払金,事務用品,2553,0,567423
6770,0001-20090820-31-1034-1-2529,0,2009-08-20,322,未払金,コピー代,2283,0,569706
6798,0001-20090820-69-1039-1-2539,0,2009-08-20,322,未払金,カウンター料金,6000,0,575706
6802,0001-20090820-71-1040-1-2541,0,2009-08-20,322,未払金,事務用品,7275,0,582981
6805,0001-20090820-71-1040-1-2541,3,2009-08-20,322,未払金,カウンター料金,32493,0,615474
6834,0001-20090820-97-1045-1-2551,0,2009-08-20,322,未払金,コピー代,32529,0,648003
6838,0001-20090820-98-1046-1-2553,0,2009-08-20,322,未払金,事務用品,5743,0,653746
,,,2009-08,,※※月計※※,,132366,0,
7702,0001-20090902-164-1184-1-2829,0,2009-09-02,111,現金,事務用品,2958,0,656704
7726,0001-20090903-134-1188-1-2837,0,2009-09-03,111,現金,用紙,13048,0,669752
8217,0001-20090920-118-1286-1-3033,0,2009-09-20,322,未払金,コピー代,6856,0,676608
8221,0001-20090920-135-1287-1-3035,0,2009-09-20,322,未払金,事務用品,5458,0,682066
8248,0001-20090920-31-1269-1-2999,0,2009-09-20,322,未払金,コピー代,2680,0,684746
8270,0001-20090920-71-1273-1-3007,0,2009-09-20,322,未払金,事務用品,5981,0,690727
8273,0001-20090920-71-1273-1-3007,3,2009-09-20,322,未払金,カウンター料金,29203,0,719930
8276,0001-20090920-72-1274-1-3009,0,2009-09-20,322,未払金,カウンター料金,6000,0,725930
8286,0001-20090920-97-1276-1-3013,0,2009-09-20,322,未払金,コピー代,34713,0,760643
8290,0001-20090920-98-1277-1-3015,0,2009-09-20,322,未払金,事務用品,4880,0,765523
,,,2009-09,,※※月計※※,,111777,0,
9169,0001-20091002-32-1410-1-3281,0,2009-10-02,322,未払金,事務用品費,6499,0,772022
9209,0001-20091005-164-1426-1-3313,0,2009-10-05,111,現金,事務用品,2685,0,774707
9671,0001-20091020-118-1513-1-3487,0,2009-10-20,322,未払金,コピー代,6656,0,781363
9675,0001-20091020-119-1514-1-3489,0,2009-10-20,322,未払金,事務用品,6334,0,787697
9691,0001-20091020-31-1499-1-3459,0,2009-10-20,322,未払金,コピー代,2572,0,790269
9699,0001-20091020-68-1501-1-3463,0,2009-10-20,322,未払金,カウンター料金,6000,0,796269
9703,0001-20091020-71-1502-1-3465,0,2009-10-20,322,未払金,事務用品,4013,0,800282
9706,0001-20091020-71-1502-1-3465,3,2009-10-20,322,未払金,カウンター料金,31435,0,831717
9721,0001-20091020-97-1505-1-3471,0,2009-10-20,322,未払金,コピー代,35419,0,867136
9725,0001-20091020-98-1506-1-3473,0,2009-10-20,322,未払金,事務用品,2348,0,869484
,,,2009-10,,※※月計※※,,103961,0,
10634,0001-20091103-134-1641-1-3743,0,2009-11-03,111,現金,用紙,9143,0,878627
10732,0001-20091108-32-1662-1-3785,0,2009-11-08,322,未払金,事務用品費,1505,0,880132
11066,0001-20091116-164-1723-1-3907,0,2009-11-16,111,現金,事務用品,2299,0,882431
11157,0001-20091120-118-1751-1-3963,0,2009-11-20,322,未払金,コピー代,7016,0,889447
11161,0001-20091120-119-1752-1-3965,0,2009-11-20,322,未払金,事務用品,3706,0,893153
11202,0001-20091120-31-1734-1-3929,0,2009-11-20,322,未払金,コピー代,2733,0,895886
11238,0001-20091120-67-1739-1-3939,0,2009-11-20,322,未払金,カウンター料金,6000,0,901886
11242,0001-20091120-71-1740-1-3941,0,2009-11-20,322,未払金,事務用品,3670,0,905556
11245,0001-20091120-71-1740-1-3941,3,2009-11-20,322,未払金,カウンター料金,31448,0,937004
11266,0001-20091120-97-1743-1-3947,0,2009-11-20,322,未払金,コピー代,37144,0,974148
11270,0001-20091120-98-1744-1-3949,0,2009-11-20,322,未払金,事務用品,3378,0,977526
,,,2009-11,,※※月計※※,,108042,0,
12144,0001-20091203-134-1878-1-4217,0,2009-12-03,111,現金,用紙,13905,0,991431
12604,0001-20091217-164-1960-1-4381,0,2009-12-17,111,現金,事務用品,11391,0,1002822
12608,0001-20091217-32-1957-1-4375,0,2009-12-17,322,未払金,事務用品費,1359,0,1004181
12711,0001-20091220-118-1989-1-4439,0,2009-12-20,322,未払金,コピー代,7839,0,1012020
12715,0001-20091220-135-1990-1-4441,0,2009-12-20,322,未払金,事務用品,4507,0,1016527
12737,0001-20091220-31-1971-1-4403,0,2009-12-20,322,未払金,コピー代,3132,0,1019659
12745,0001-20091220-71-1973-1-4407,0,2009-12-20,322,未払金,カウンター料金,34992,0,1054651
12761,0001-20091220-76-1976-1-4413,0,2009-12-20,322,未払金,カウンター料金,6000,0,1060651
12776,0001-20091220-97-1978-1-4417,0,2009-12-20,322,未払金,コピー代,37359,0,1098010
12780,0001-20091220-98-1979-1-4419,0,2009-12-20,322,未払金,事務用品,9580,0,1107590
,,,2009-12,,※※月計※※,,130064,0,
13752,0001-20100103-134-2116-1-4693,0,2010-01-03,322,未払金,用紙,8000,0,1115590
14293,0001-20100120-118-2233-1-4927,0,2010-01-20,322,未払金,コピー代,7600,0,1123190
14297,0001-20100120-119-2234-1-4929,0,2010-01-20,322,未払金,事務用品,3599,0,1126789
14341,0001-20100120-31-2213-1-4887,0,2010-01-20,322,未払金,コピー代,3002,0,1129791
14385,0001-20100120-71-2220-1-4901,0,2010-01-20,322,未払金,事務用品,3509,0,1133300
14388,0001-20100120-71-2220-1-4901,3,2010-01-20,322,未払金,カウンター料金,35137,0,1168437
14391,0001-20100120-72-2221-1-4903,0,2010-01-20,322,未払金,カウンター料金,6000,0,1174437
14413,0001-20100120-97-2224-1-4909,0,2010-01-20,322,未払金,コピー代,37988,0,1212425
14417,0001-20100120-98-2225-1-4911,0,2010-01-20,322,未払金,事務用品,6727,0,1219152
14802,0001-20100129-32-2292-1-5045,0,2010-01-29,322,未払金,事務用品費,2448,0,1221600
15210,0001-20100131-164-2350-1-5161,0,2010-01-31,111,現金,事務用品,1245,0,1222845
,,,2010-01,,※※月計※※,,115255,0,
15291,0001-20100203-134-2357-1-5175,0,2010-02-03,322,未払金,用紙,10000,0,1232845
15381,0001-20100208-164-2377-1-5215,0,2010-02-08,111,現金,事務用品,856,0,1233701
15802,0001-20100220-118-2464-1-5389,0,2010-02-20,322,未払金,コピー代,7631,0,1241332
15814,0001-20100220-135-2466-1-5393,0,2010-02-20,322,未払金,事務用品,2276,0,1243608
15839,0001-20100220-31-2445-1-5351,0,2010-02-20,322,未払金,コピー代,2970,0,1246578
15879,0001-20100220-68-2452-1-5365,0,2010-02-20,322,未払金,カウンター料金,6000,0,1252578
15883,0001-20100220-71-2453-1-5367,0,2010-02-20,322,未払金,事務用品,1505,0,1254083
15886,0001-20100220-71-2453-1-5367,3,2010-02-20,322,未払金,カウンター料金,34099,0,1288182
15907,0001-20100220-97-2456-1-5373,0,2010-02-20,322,未払金,コピー代,38118,0,1326300
15911,0001-20100220-98-2457-1-5375,0,2010-02-20,322,未払金,事務用品,3006,0,1329306
,,,2010-02,,※※月計※※,,106461,0,
16748,0001-20100302-164-2581-1-5623,0,2010-03-02,111,現金,事務用品,7000,0,1336306
16752,0001-20100303-134-2585-1-5631,0,2010-03-03,322,未払金,用紙,30000,0,1366306
17271,0001-20100320-118-2688-1-5837,0,2010-03-20,322,未払金,コピー代,8095,0,1374401
17275,0001-20100320-135-2689-1-5839,0,2010-03-20,322,未払金,事務用品,2584,0,1376985
17312,0001-20100320-31-2670-1-5801,0,2010-03-20,322,未払金,コピー代,3338,0,1380323
17336,0001-20100320-69-2675-1-5811,0,2010-03-20,322,未払金,カウンター料金,6000,0,1386323
17340,0001-20100320-71-2676-1-5813,0,2010-03-20,322,未払金,事務用品,3453,0,1389776
17343,0001-20100320-71-2676-1-5813,3,2010-03-20,322,未払金,カウンター料金,38103,0,1427879
17358,0001-20100320-97-2679-1-5819,0,2010-03-20,322,未払金,コピー代,39165,0,1467044
17362,0001-20100320-98-2680-1-5821,0,2010-03-20,322,未払金,事務用品,6167,0,1473211
17765,0001-20100327-32-2751-1-5963,0,2010-03-27,322,未払金,事務用品費,2951,0,1476162
,,,2010-03,,※※月計※※,事務用品費,146856,0,1476162
